[?25l[0m [38;2;0;0;0m                                                           [0m
 [38;2;0;0;0m                      [0m  [38;2;87;56;8m▂[38;2;126;92;14m▃[38;2;170;127;24m▃[38;2;194;147;33m▃[7m[38;2;183;141;39m▀[38;2;187;147;45m▀[0m[38;2;209;166;57m▃[38;2;188;149;51m▃[38;2;139;109;33m▃[38;2;105;81;24m▂[0m  [38;2;1;0;0m                       [0m
 [38;2;0;0;0m                   [0m [38;2;64;16;3m▂[7m[38;2;96;25;3m▀[0m[38;2;108;31;3m▆[38;2;55;8;1;48;2;102;18;2m▔[38;2;148;81;13;48;2;102;21;4m▝[38;2;169;103;21;48;2;200;147;30m▖[38;2;208;157;34;48;2;211;160;37m▖[38;2;219;168;44;48;2;215;164;40m▐[38;2;224;175;52;48;2;221;172;48m▐[38;2;227;178;55;48;2;229;180;59m▋[38;2;231;183;63;48;2;233;186;67m▋[38;2;233;187;69;48;2;236;191;76m▀[38;2;237;192;77;48;2;229;182;64m▆[38;2;189;148;47;48;2;234;189;74m▔[38;2;102;79;24;48;2;224;181;70m▔[0m[38;2;224;181;73m▅[7m[38;2;183;145;51m▀[0m[38;2;113;87;24m▂[0m [38;2;8;6;1m                    [0m
 [38;2;0;0;0m                [0m  [7m[38;2;79;45;6m▀[0m[38;2;27;2;0;48;2;62;5;1m▘[38;2;93;18;3;48;2;66;3;1m▀[38;2;112;28;3;48;2;79;6;2m▀[38;2;115;29;3;48;2;80;6;2m▀[38;2;73;3;1;48;2;95;12;2m▅[38;2;93;11;3;48;2;133;56;11m▊[38;2;167;98;22;48;2;199;143;33m▎[38;2;210;158;37;48;2;215;164;40m▘[38;2;211;162;44;48;2;219;169;45m▁[38;2;136;105;31;48;2;218;170;49m▂[38;2;193;151;48;48;2;224;176;55m▂[38;2;232;185;66;48;2;230;182;62m▐[38;2;237;193;78;48;2;235;188;72m▐[38;2;242;201;92;48;2;239;197;84m▗[38;2;241;199;88;48;2;243;203;98m▀[38;2;242;202;95;48;2;246;208;109m▀[38;2;244;204;100;48;2;248;211;115m▀[38;2;248;212;119;48;2;241;200;93m▅[38;2;186;146;50;48;2;240;199;96m▔[0m[38;2;222;179;71m▅[38;2;153;119;35m▃[0m [38;2;29;22;4m                  [0m
 [38;2;0;0;0m               [0m [38;2;83;58;7m▗[38;2;56;40;5;48;2;118;81;11m▘[38;2;146;101;14;48;2;132;85;11m▃[38;2;149;97;15;48;2;100;35;5m▅[38;2;146;87;14;48;2;82;17;3m▖[38;2;105;24;4;48;2;76;5;2m▂[38;2;134;47;9;48;2;86;9;3m▆[38;2;154;79;18;48;2;92;19;6m▃[38;2;133;55;14;48;2;166;95;21m▋[38;2;189;130;31;48;2;198;142;37m▏[38;2;170;130;35;48;2;204;153;41m▁[38;2;161;122;35;48;2;57;43;14m▀[38;2;119;92;29;48;2;52;39;15m▕[38;2;154;120;38;48;2;220;173;54m▘[38;2;231;183;64;48;2;229;181;59m▐[38;2;237;192;77;48;2;234;187;69m▝[38;2;241;198;86;48;2;237;192;78m▀[38;2;244;203;98;48;2;241;199;89m▀[38;2;244;203;97;48;2;246;209;111m▖[38;2;248;210;114;48;2;249;214;124m▂[38;2;250;215;127;48;2;251;217;132m▂[38;2;251;219;139;48;2;251;217;131m▆[38;2;251;220;139;48;2;246;209;113m▅[38;2;246;208;115;48;2;223;178;66m▆[0m[7m[38;2;207;166;64m▝[0m[38;2;129;100;27m▖[0m [38;2;2;2;0m                [0m
 [38;2;0;0;0m              [0m [38;2;92;65;8m▗[48;2;123;88;13m▘[38;2;135;97;14;48;2;145;105;15m▘[38;2;163;119;18;48;2;155;112;16m▗[38;2;157;110;17;48;2;170;123;21m▘[38;2;175;123;25;48;2;160;97;19m▅[38;2;178;120;28;48;2;139;62;12m▆[38;2;195;143;34;48;2;164;96;22m▅[38;2;182;120;28;48;2;198;144;34m▔[38;2;176;112;25;48;2;204;152;36m▔[38;2;189;133;35;48;2;138;73;18m▞[38;2;156;118;32;48;2;48;29;10m▘[38;2;83;64;20;48;2;36;27;11m▁[38;2;84;63;20;48;2;198;154;45m▘[38;2;222;173;51;48;2;226;177;53m▏[38;2;227;178;55;48;2;229;180;57m▅[38;2;232;184;64;48;2;229;181;59m▝[38;2;235;189;73;48;2;232;185;66m▝[38;2;239;195;82;48;2;235;189;73m▀[38;2;242;200;90;48;2;239;196;83m▀[48;2;245;205;104m▅[38;2;247;210;115;48;2;244;204;100m▀[38;2;248;211;115;48;2;250;216;129m▖[38;2;252;219;138;48;2;252;223;149m▖[38;2;253;226;157;48;2;253;223;149m▆[38;2;246;210;119;48;2;252;225;155m▝[38;2;168;131;40;48;2;238;198;98m▝[0m[38;2;183;142;42m▖[0m [38;2;7;5;1m               [0m
 [38;2;0;0;0m             [0m [38;2;82;57;6m▗[38;2;89;62;7;48;2;111;79;12m▘[38;2;137;99;16;48;2;128;92;14m▐[38;2;153;112;18;48;2;145;106;17m▐[38;2;168;124;23;48;2;161;119;21m▐[38;2;173;129;26;48;2;179;134;28m▍[38;2;187;139;32;48;2;179;129;28m▆[38;2;193;146;34;48;2;197;150;36m▍[38;2;204;155;37;48;2;201;153;36m▐[38;2;197;143;35;48;2;203;153;37m▐[38;2;191;146;38;48;2;208;158;40m▕[38;2;172;131;34;48;2;62;45;13m▘[38;2;98;64;15;48;2;51;17;6m▂[38;2;108;64;16;48;2;187;139;38m▍[38;2;217;167;46;48;2;221;172;49m▏[38;2;225;176;52;48;2;223;173;50m▝[38;2;225;177;53;48;2;224;175;51m▀[38;2;225;176;53;48;2;227;179;56m▖[38;2;230;182;62;48;2;228;180;58m▝[38;2;234;187;70;48;2;231;183;64m▝[38;2;234;187;69;48;2;236;192;76m▖[38;2;238;194;80;48;2;240;197;84m▖[38;2;184;150;65;48;2;237;196;89m▂[38;2;217;181;92;48;2;92;73;40m▀[38;2;162;134;67;48;2;235;202;118m▖[38;2;251;219;137;48;2;252;224;153m▖[38;2;253;225;155;48;2;253;226;159m▃[38;2;252;223;149;48;2;248;212;122m▊[38;2;177;136;38;48;2;235;192;83m▝[0m[38;2;154;118;31m▖               [0m
 [38;2;0;0;0m             [7m[38;2;44;31;4m▊[0m[38;2;71;49;5;48;2;97;68;8m▎[38;2;124;90;15;48;2;112;80;14m▐[38;2;142;104;18;48;2;134;97;16m▐[38;2;156;115;24;48;2;149;110;21m▐[38;2;171;128;26;48;2;164;122;24m▐[38;2;182;137;32;48;2;177;133;29m▐[38;2;186;140;33;48;2;190;143;34m▍[38;2;196;149;36;48;2;193;146;35m▐[38;2;203;155;38;48;2;200;152;36m▐[38;2;208;159;40;48;2;206;157;39m▐[38;2;197;150;40;48;2;209;160;41m▕[38;2;200;153;40;48;2;92;69;18m▆[38;2;206;156;41;48;2;166;121;30m▆[38;2;137;81;18;48;2;96;32;8m▖[38;2;96;29;12;48;2;182;123;42m▖[38;2;213;161;47;48;2;222;172;49m▏[38;2;223;174;50;48;2;223;174;51m▘[38;2;225;176;53m▝[38;2;227;178;56;48;2;225;176;52m▀[38;2;229;182;60;48;2;227;178;55m▀[38;2;228;180;59;48;2;232;185;66m▃[38;2;102;81;34;48;2;214;172;66m▗[38;2;132;106;46;48;2;55;43;27m▘[38;2;181;148;65;48;2;80;63;35m▗[38;2;201;164;74;48;2;239;200;101m▏[38;2;251;220;140;48;2;249;214;124m▐[38;2;252;223;149;48;2;253;224;153m▎[38;2;252;221;142;48;2;252;224;152m▝[38;2;243;203;99;48;2;250;215;129m▐[38;2;207;164;57;48;2;103;79;19m▊[0m [38;2;38;28;5m              [0m
 [38;2;0;0;0m             [38;2;79;56;10m▐[38;2;101;72;11;48;2;107;76;13m▘[38;2;127;92;16;48;2;117;84;15m▐[38;2;141;103;20;48;2;135;98;17m▐[38;2;154;114;24;48;2;148;109;22m▐[38;2;148;110;24;48;2;164;122;25m▁[38;2;151;112;24;48;2;175;131;29m▁[38;2;176;132;31;48;2;184;139;33m▁[38;2;195;148;36;48;2;191;145;34m▐[38;2;201;153;39;48;2;198;151;37m▐[38;2;207;159;41;48;2;203;155;40m▐[38;2;209;161;43;48;2;211;162;44m▍[38;2;211;163;45;48;2;213;163;44m▖[38;2;214;164;44;48;2;215;165;46m▍[38;2;176;125;32m▔[38;2;174;121;31;48;2;216;165;46m▔[38;2;218;168;47;48;2;220;170;48m▏[38;2;222;173;50;48;2;221;172;49m▐[38;2;223;174;51;48;2;224;175;51m▋[38;2;224;175;51;48;2;225;176;53m▋[38;2;228;180;57;48;2;226;178;54m▐[38;2;100;78;28;48;2;207;163;54m▗[38;2;92;73;28;48;2;48;37;20m▏[38;2;185;148;56;48;2;68;54;27m▗[38;2;183;147;59;48;2;226;185;77m▏[38;2;243;201;92;48;2;245;205;103m▋[38;2;250;216;129;48;2;247;210;113m▐[38;2;253;226;157;48;2;252;222;145m▐[38;2;253;228;160;48;2;253;229;164m▕[38;2;252;223;148;48;2;248;213;122m▋[38;2;238;195;85;48;2;198;154;49m▊[0m[38;2;122;92;21m▍              [0m
 [38;2;0;0;0m            [0m [7m[38;2;90;66;13m▍[0m[38;2;117;85;17;48;2;110;80;15m▖[38;2;122;88;17;48;2;114;83;15m▐[38;2;130;94;17;48;2;136;99;19m▍[38;2;90;66;14;48;2;132;98;21m▝[38;2;127;94;21;48;2;58;42;10m▖[38;2;164;123;29;48;2;81;61;14m▗[38;2;143;107;25;48;2;180;136;33m▘[38;2;192;145;36;48;2;188;142;35m▐[38;2;199;152;40;48;2;196;149;38m▐[38;2;201;154;40;48;2;204;157;42m▋[38;2;209;161;44;48;2;207;159;43m▐[38;2;211;163;45;48;2;212;164;46m▋[38;2;214;165;45;48;2;213;165;46m▝[38;2;217;168;48;48;2;215;167;47m▝[38;2;218;168;48;48;2;219;169;48m▍[38;2;220;170;49;48;2;221;171;49m▍[38;2;223;173;50;48;2;222;172;50m▝[38;2;224;175;52;48;2;222;173;51m▝[38;2;223;174;51;48;2;224;176;52m▖[38;2;225;176;53;48;2;208;163;50m▊[38;2;45;35;16;48;2;135;105;34m▝[38;2;87;68;26;48;2;200;158;51m▀[38;2;198;158;57;48;2;229;182;65m▔[38;2;238;194;80;48;2;235;188;72m▐[38;2;244;204;101;48;2;241;199;90m▐[38;2;250;215;127;48;2;247;209;112m▐[38;2;253;226;157;48;2;252;221;143m▐[38;2;253;225;155;48;2;253;228;162m▗[38;2;252;221;144;48;2;248;212;120m▋[38;2;239;196;86;48;2;217;169;53m▋[0m[38;2;147;110;22m▍              [0m
 [38;2;0;0;0m             [7m[38;2;94;69;15m▋[0m[38;2;114;83;16;48;2;120;88;19m▝[38;2;115;83;16;48;2;120;87;16m▋[38;2;134;98;20;48;2;126;92;19m▐[38;2;148;110;26;48;2;141;104;23m▐[38;2;89;66;16;48;2;146;109;26m▝[38;2;126;94;23;48;2;46;33;8m▝[38;2;135;101;24;48;2;174;131;31m▖[38;2;179;136;33;48;2;184;140;35m▖[38;2;196;148;39;48;2;189;144;37m▝[38;2;196;149;40;48;2;200;153;41m▖[38;2;202;155;43;48;2;204;157;43m▖[38;2;210;162;45;48;2;207;160;44m▝[48;2;212;164;46m▖[38;2;216;167;47;48;2;214;165;47m▝[38;2;218;169;49;48;2;217;168;48m▝[38;2;220;171;49;48;2;218;169;49m▝[38;2;220;170;49;48;2;220;171;50m▖[38;2;220;171;50;48;2;222;172;50m▖[38;2;223;173;51;48;2;224;174;53m▍[38;2;224;174;53;48;2;224;175;54m▅[38;2;219;171;53;48;2;225;175;54m▔[38;2;229;181;59;48;2;227;178;56m▐[38;2;234;186;68;48;2;231;183;63m▐[38;2;238;195;81;48;2;236;191;75m▐[38;2;244;204;99;48;2;241;199;88m▐[38;2;250;216;130;48;2;247;209;112m▐[38;2;252;221;144;48;2;253;224;153m▍[38;2;250;216;130;48;2;252;223;149m▗[38;2;242;201;97;48;2;248;212;120m▐[38;2;225;178;62;48;2;173;132;33m▊[0m[38;2;96;71;13m▍              [0m
 [38;2;0;0;0m             [0m [38;2;69;50;11;48;2;111;81;18m▎[38;2;114;83;17;48;2;117;86;19m▂[38;2;127;94;21;48;2;121;89;19m▐[38;2;138;102;23;48;2;132;98;22m▐[38;2;143;106;25;48;2;149;111;26m▖[38;2;35;24;7;48;2;130;97;23m▝[38;2;123;92;21;48;2;36;25;7m▝[38;2;87;65;16;48;2;167;126;31m▖[38;2;175;133;33;48;2;183;139;35m▁[38;2;195;148;39;48;2;189;144;38m▝[38;2;199;153;41;48;2;195;148;39m▀[38;2;199;152;41;48;2;203;156;43m▖[38;2;204;157;44;48;2;208;160;44m▃[38;2;212;164;46;48;2;209;161;44m▀[38;2;211;164;46;48;2;214;167;49m▃[38;2;214;166;48;48;2;217;168;48m▂[38;2;216;167;48;48;2;218;169;49m▖[38;2;217;168;49;48;2;219;171;51m▃[38;2;220;171;52;48;2;221;172;52m▃[38;2;221;172;52;48;2;222;173;51m▖[38;2;225;175;54;48;2;223;174;52m▐[38;2;225;177;57;48;2;228;180;59m▋[38;2;232;184;66;48;2;230;182;62m▐[38;2;238;195;82;48;2;235;189;73m▐[38;2;244;205;102;48;2;241;199;92m▐[38;2;250;217;132;48;2;247;211;117m▝[38;2;251;220;139;48;2;248;211;118m▀[38;2;248;212;119;48;2;241;201;97m▀[38;2;216;169;52;48;2;234;190;79m▗[0m[7m[38;2;170;129;32m▗[0m [38;2;17;12;2m              [0m
 [38;2;0;0;0m              [38;2;83;60;12m▝[38;2;88;64;13;48;2;107;77;15m▏[38;2;117;86;19;48;2;111;81;16m▝[38;2;130;95;22;48;2;120;88;20m▝[38;2;142;105;24;48;2;133;98;23m▝[38;2;142;105;25;48;2;150;112;27m▖[38;2;72;53;14;48;2;147;110;27m▝[38;2;118;89;22;48;2;36;26;8m▖[38;2;130;98;24;48;2;26;18;6m▀[38;2;75;55;13;48;2;170;129;33m▂[38;2;160;121;31;48;2;186;142;37m▁[38;2;191;145;37;48;2;196;149;39m▅[38;2;200;153;42;48;2;195;148;38m▀[38;2;205;158;43;48;2;200;152;40m▀[38;2;202;155;41;48;2;207;160;44m▃[38;2;211;163;46m▀[38;2;210;162;45;48;2;214;166;48m▃[38;2;212;164;47;48;2;216;167;48m▃[38;2;215;167;49;48;2;218;170;50m▃[38;2;193;150;44;48;2;218;169;50m▁[38;2;201;156;48;48;2;220;172;53m▁[38;2;222;173;54;48;2;224;176;56m▅[38;2;228;181;63;48;2;225;178;58m▐[38;2;235;191;78;48;2;230;185;71m▝[38;2;233;190;80;48;2;238;195;88m▖[38;2;244;204;103;48;2;240;198;92m▀[38;2;243;202;99;48;2;235;192;84m▀[38;2;212;165;52;48;2;229;185;75m▗[38;2;101;75;14;48;2;195;150;40m▗[0m[38;2;86;63;11m▘               [0m
 [38;2;0;0;0m              [0m [38;2;81;59;11m▝[38;2;66;48;8;48;2;105;76;14m▖[38;2;115;84;17;48;2;108;78;15m▝[38;2;127;93;21;48;2;118;86;18m▝[38;2;127;94;21;48;2;135;100;23m▖[38;2;139;103;24;48;2;147;110;26m▖[38;2;145;109;27;48;2;154;115;28m▔[38;2;148;111;27;48;2;62;46;12m▆[38;2;20;14;5;48;2;130;98;25m▀[38;2;128;97;23;48;2;49;37;10m▔[38;2;32;24;7;48;2;162;123;31m▅[38;2;26;19;6;48;2;170;129;32m▃[38;2;53;40;9;48;2;178;134;33m▂[38;2;95;71;16;48;2;193;146;37m▂[38;2;125;94;24;48;2;199;152;40m▂[38;2;137;103;27;48;2;204;156;42m▂[38;2;128;97;27;48;2;206;159;44m▂[38;2;98;74;21m▂[38;2;92;70;19;48;2;175;135;38m▃[38;2;185;144;44;48;2;81;61;19m▝[38;2;190;147;45;48;2;214;167;51m▏[38;2;223;178;62;48;2;218;171;56m▝[38;2;225;181;68;48;2;220;175;62m▀[38;2;230;186;76;48;2;223;179;67m▀[38;2;232;189;80;48;2;221;177;65m▀[38;2;205;159;49;48;2;221;177;66m▃[38;2;76;56;11;48;2;184;141;39m▗[0m[38;2;98;73;15m▘[0m [38;2;1;0;0m               [0m
 [38;2;0;0;0m               [0m  [7m[38;2;88;63;12m▃[0m[38;2;84;60;11;48;2;106;77;15m▁[38;2;122;90;20;48;2;113;83;18m▀[38;2;134;99;23;48;2;125;92;21m▀[38;2;136;101;22;48;2;146;108;25m▅[38;2;155;116;28;48;2;145;107;25m▀[38;2;152;113;27;48;2;161;122;31m▃[38;2;149;113;29;48;2;164;124;32m▔[38;2;168;127;34;48;2;110;84;22m▆[38;2;162;123;33;48;2;43;33;8m▆[48;2;39;28;7m▅[38;2;45;32;9;48;2;173;131;34m▀[38;2;49;35;8;48;2;174;133;33m▀[38;2;61;45;10;48;2;179;137;35m▀[38;2;178;137;38;48;2;68;50;11m▅[38;2;185;142;39;48;2;72;54;15m▆[38;2;197;151;42;48;2;146;112;31m▆[38;2;119;91;26;48;2;188;144;40m▝[38;2;165;127;37;48;2;201;155;44m▘[38;2;200;154;44;48;2;209;163;51m▃[38;2;203;157;47;48;2;212;167;55m▃[38;2;215;170;59;48;2;201;156;46m▀[38;2;139;105;24;48;2;199;154;46m▂[0m[38;2;155;117;30m▀[0m [38;2;49;36;7m                 [0m
 [38;2;0;0;0m                 [0m [7m[38;2;55;39;7m▆[38;2;86;62;12m▃[0m[38;2;63;45;8;48;2;108;79;17m▂[38;2;107;78;16;48;2;124;91;21m▃[38;2;121;89;20;48;2;134;99;23m▃[38;2;133;98;23;48;2;142;105;24m▃[38;2;150;112;27;48;2;140;104;24m▀[38;2;159;119;30;48;2;147;109;26m▀[38;2;153;114;28;48;2;165;124;32m▃[38;2;171;130;35;48;2;161;122;31m▀[38;2;176;133;36;48;2;167;126;33m▀[38;2;180;137;37;48;2;171;130;35m▀[38;2;182;139;36;48;2;172;131;35m▀[38;2;172;130;34;48;2;183;140;37m▃[38;2;186;143;38;48;2;174;131;33m▀[38;2;187;144;38;48;2;176;133;35m▀[38;2;187;143;38;48;2;177;135;36m▀[38;2;188;144;38;48;2;179;135;35m▀[38;2;151;113;25;48;2;185;141;37m▁[38;2;81;60;12;48;2;178;136;35m▂[0m[38;2;152;114;28m▀[38;2;83;62;13m▔[0m [38;2;2;1;0m                  [0m
 [38;2;0;0;0m                   [0m  [7m[38;2;77;55;10m▆[0m[38;2;93;67;13m▀[7m[38;2;109;79;16m▃[0m[38;2;51;35;5;48;2;118;86;19m▂[38;2;65;46;7;48;2;125;92;20m▁[38;2;104;75;14;48;2;138;102;24m▂[38;2;117;86;17;48;2;144;107;25m▂[38;2;126;92;19;48;2;150;112;27m▂[38;2;128;94;19;48;2;155;116;28m▂[38;2;124;91;18m▂[38;2;112;81;13;48;2;154;115;26m▂[38;2;69;49;7;48;2;148;110;24m▁[38;2;54;38;6;48;2;149;111;25m▂[0m[7m[38;2;148;111;27m▃[0m[38;2;130;97;22m▀[7m[38;2;100;74;15m▆[0m [38;2;18;13;2m                     [0m
 [38;2;0;0;0m                        [0m  [7m[38;2;46;32;4m▆[38;2;63;45;7m▆[38;2;72;52;8m▆[38;2;71;51;8m▆[38;2;63;45;7m▆[0m   [38;2;4;3;0m                         [0m
 [38;2;0;0;0m                                                           [0m
[?25h