[?25l[0m [38;2;0;0;0m                                                                          [0m
 [38;2;0;0;0m                                                                          [0m
 [38;2;0;0;0m                             [38;2;31;4;0m▁[38;2;114;57;10m▂[38;2;172;125;18m▃[7m[38;2;188;139;22m▀[0m[38;2;197;147;29m▅[38;2;194;147;31m▆[38;2;211;162;43m▆[38;2;219;170;50m▆[38;2;220;173;57m▆[38;2;211;167;59m▆[38;2;220;175;61m▅[7m[38;2;215;169;53m▀[0m[38;2;200;155;45m▃[38;2;151;117;35m▂[0m [38;2;27;21;6m                              [0m
 [38;2;0;0;0m                         [0m [38;2;61;13;3m▂[7m[38;2;98;26;4m▀[0m[38;2;111;32;4m▆[38;2;78;7;2;48;2;107;21;3m▔[38;2;120;36;6;48;2;96;9;2m▔[38;2;107;20;3;48;2;174;110;22m▖[38;2;204;153;30;48;2;208;157;35m▔[38;2;210;159;35;48;2;212;161;38m▖[38;2;214;164;40;48;2;217;166;42m▍[38;2;219;169;45;48;2;221;172;49m▎[38;2;224;175;51;48;2;226;178;55m▍[38;2;229;181;61;48;2;227;179;56m▐[38;2;234;187;70;48;2;231;183;64m▗[38;2;233;186;69;48;2;236;191;75m▀[38;2;237;193;78;48;2;235;188;72m▃[38;2;232;184;66;48;2;238;194;80m▀[38;2;221;172;50;48;2;234;188;71m▔[38;2;133;104;32;48;2;230;184;67m▔[0m[38;2;210;168;60m▆[7m[38;2;181;141;43m▀[0m[38;2;82;62;13m▂                           [0m
 [38;2;0;0;0m                       [0m [7m[38;2;42;3;1m▀[0m[38;2;83;13;3m▆[38;2;100;18;3;48;2;109;27;4m▁[38;2;121;36;3;48;2;116;31;3m▝[38;2;111;24;3;48;2;122;37;3m▂[38;2;111;25;3;48;2;90;9;2m▀[38;2;94;15;6;48;2;85;5;2m▕[38;2;176;106;25;48;2;113;27;6m▗[38;2;190;131;30;48;2;206;154;35m▏[38;2;209;157;36;48;2;212;162;37m▏[38;2;217;167;41;48;2;219;169;45m▋[38;2;220;170;46;48;2;222;172;49m▘[38;2;226;178;55;48;2;224;175;51m▐[38;2;227;179;57;48;2;229;181;60m▋[38;2;233;186;68;48;2;230;183;64m▝[38;2;236;192;77;48;2;235;189;72m▐[38;2;239;196;83;48;2;238;194;80m▗[38;2;241;199;87;48;2;240;197;84m▁[38;2;242;200;93;48;2;240;198;86m▃[38;2;241;198;87;48;2;243;202;96m▀[38;2;244;204;100;48;2;241;199;90m▅[38;2;244;204;101;48;2;237;193;79m▅[38;2;191;145;39;48;2;236;192;80m▔[0m[38;2;218;173;59m▅[38;2;139;106;25m▃[0m [38;2;3;2;0m                        [0m
 [38;2;0;0;0m                     [0m [38;2;104;74;10m▗[38;2;118;71;10;48;2;50;23;3m▆[38;2;103;41;7;48;2;68;5;1m▁[38;2;59;1;0;48;2;68;2;1m▆[38;2;63;1;0;48;2;83;6;2m▆[38;2;70;2;1;48;2;94;11;2m▆[38;2;73;3;2;48;2;91;8;2m▆[38;2;77;8;3;48;2;66;1;1m▕[38;2;107;24;11;48;2;84;5;2m▁[38;2;192;131;32;48;2;138;49;11m▐[38;2;189;127;34;48;2;208;155;38m▖[38;2;214;164;40;48;2;217;167;43m▘[38;2;219;169;45;48;2;216;165;46m▔[38;2;62;47;17;48;2;201;155;45m▗[38;2;83;63;23;48;2;220;172;52m▅[38;2;229;181;59;48;2;226;178;56m▐[38;2;233;185;67;48;2;230;183;63m▐[38;2;237;192;77;48;2;235;188;71m▐[38;2;239;196;82;48;2;241;199;88m▍[38;2;243;202;96;48;2;242;200;91m▆[38;2;246;208;110;48;2;244;204;101m▗[38;2;247;210;114;48;2;245;206;105m▆[38;2;249;214;124;48;2;247;210;113m▃[38;2;250;215;127;48;2;248;211;118m▅[38;2;250;216;128;48;2;246;209;112m▅[38;2;243;201;94;48;2;249;213;120m▀[38;2;223;175;55;48;2;239;197;86m▝[0m[7m[38;2;206;161;50m▝[0m[38;2;139;105;23m▖                       [0m
 [38;2;0;0;0m                    [0m [7m[38;2;93;66;9m▘[0m[38;2;126;76;10;48;2;124;83;12m▕[38;2;134;88;12;48;2;143;98;13m▏[38;2;114;41;7;48;2;144;90;14m▝[38;2;150;91;15;48;2;81;12;3m▅[38;2;96;13;2;48;2;67;1;1m▂[38;2;77;4;1;48;2;117;29;5m▋[38;2;143;57;11;48;2;120;23;5m▆[38;2;85;10;2;48;2;138;51;11m▀[38;2;160;87;23;48;2;108;21;12m▃[38;2;142;53;12;48;2;201;145;35m▎[38;2;187;128;34;48;2;197;144;37m▔[38;2;183;140;38;48;2;211;160;43m▁[38;2;208;161;45;48;2;63;48;16m▘[38;2;30;22;11;48;2;28;20;11m▔[38;2;189;147;45;48;2;51;39;17m▐[38;2;226;178;56;48;2;228;180;57m▏[38;2;229;181;59;48;2;231;183;64m▍[38;2;236;190;74;48;2;233;186;69m▝[38;2;235;189;72;48;2;238;193;79m▖[38;2;242;200;91;48;2;239;196;83m▀[38;2;245;206;105;48;2;243;201;93m▝[38;2;244;204;99;48;2;247;210;114m▖[38;2;250;215;126;48;2;248;212;118m▀[38;2;250;215;125;48;2;251;217;131m▂[38;2;251;220;140;48;2;251;219;136m▝[38;2;252;221;142;48;2;251;219;135m▆[38;2;251;220;140;48;2;248;212;120m▅[38;2;241;199;91;48;2;250;217;131m▀[38;2;189;145;39;48;2;232;187;73m▔[0m[7m[38;2;173;133;36m▀[0m [38;2;17;12;2m                     [0m
 [38;2;0;0;0m                   [38;2;36;25;3m▁[38;2;34;24;3;48;2;97;69;8m▘[38;2;117;84;13;48;2;130;94;13m▘[38;2;138;99;15;48;2;147;106;14m▘[38;2;150;104;16;48;2;156;113;16m▕[38;2;168;123;21;48;2;159;111;17m▁[38;2;175;126;23;48;2;130;60;12m▊[38;2;171;112;25;48;2;135;50;9m▆[38;2;170;104;24;48;2;117;27;6m▅[38;2;180;122;29;48;2;141;54;13m▆[38;2;150;74;17;48;2;199;146;35m▘[38;2;178;119;29;48;2;208;157;36m▔[38;2;206;153;39;48;2;144;62;16m▖[38;2;151;68;19;48;2;206;156;42m▖[38;2;187;143;39;48;2;40;30;12m▘[38;2;24;18;9;48;2;26;19;10m▘[38;2;160;124;37;48;2;33;24;12m▗[38;2;175;135;41;48;2;221;173;51m▏[38;2;225;177;53;48;2;227;179;56m▖[38;2;227;179;56;48;2;229;181;58m▃[38;2;232;184;65;48;2;229;182;60m▝[38;2;234;187;71;48;2;233;185;67m▝[38;2;239;196;83;48;2;235;189;73m▝[38;2;238;194;80;48;2;240;198;86m▖[38;2;244;203;97;48;2;241;199;88m▝[38;2;245;207;106;48;2;243;202;95m▀[38;2;245;206;104;48;2;247;211;116m▃[38;2;247;211;115;48;2;249;214;125m▖[38;2;252;221;145;48;2;251;218;135m▝[38;2;253;225;155;48;2;252;223;149m▗[38;2;253;225;156;48;2;252;222;146m▅[38;2;248;212;120;48;2;252;225;155m▝[38;2;232;187;72;48;2;246;209;113m▀[0m[7m[38;2;188;145;40m▝[0m [38;2;34;25;5m                    [0m
 [38;2;0;0;0m                  [0m [38;2;33;23;4;48;2;91;64;7m▘[38;2;105;75;11;48;2;122;88;14m▘[38;2;133;96;15;48;2;141;102;16m▍[38;2;147;107;16;48;2;154;111;15m▋[38;2;166;122;22;48;2;160;116;17m▗[38;2;169;125;22;48;2;172;126;24m▔[38;2;169;115;26;48;2;181;134;26m▕[38;2;173;119;25;48;2;187;138;32m▏[38;2;198;149;36;48;2;169;112;27m▆[38;2;204;156;39;48;2;202;153;36m▗[38;2;208;158;37;48;2;202;149;36m▁[38;2;210;160;40;48;2;209;159;39m▐[38;2;209;158;43;48;2;213;163;41m▕[38;2;160;113;30;48;2;60;18;6m▎[38;2;69;10;3;48;2;27;16;8m▖[38;2;142;110;30;48;2;27;19;9m▗[38;2;145;111;30;48;2;210;162;46m▏[38;2;223;173;50;48;2;224;174;50m▍[38;2;226;178;54;48;2;225;175;51m▐[38;2;226;177;54;48;2;227;178;55m▊[38;2;227;178;55;48;2;228;179;58m▖[38;2;231;183;64;48;2;229;180;59m▀[48;2;233;185;67m▖[38;2;237;193;78;48;2;235;188;72m▝[38;2;238;194;80;48;2;240;197;84m▆[38;2;240;197;84;48;2;241;199;89m▆[38;2;242;200;91;48;2;243;202;96m▅[38;2;247;210;114;48;2;244;205;102m▝[38;2;238;198;95;48;2;249;214;123m▁[38;2;250;217;131;48;2;252;222;147m▖[38;2;253;225;157;48;2;253;226;159m▖[38;2;253;227;160m▕[38;2;250;217;134;48;2;253;227;161m▝[38;2;233;188;72;48;2;245;207;108m▐[0m[7m[38;2;178;135;32m▝[0m [38;2;8;5;1m                   [0m
 [38;2;0;0;0m                 [0m [7m[38;2;74;52;6m▘[0m[38;2;111;80;13;48;2;98;68;7m▐[38;2;122;89;16;48;2;131;94;13m▍[38;2;137;100;17;48;2;146;106;17m▋[38;2;158;115;19;48;2;150;110;21m▐[38;2;162;120;24;48;2;168;124;24m▎[38;2;179;135;30;48;2;173;129;26m▐[38;2;186;140;32;48;2;184;137;30m▁[38;2;191;144;33;48;2;194;147;34m▋[38;2;197;149;37;48;2;200;152;36m▋[38;2;202;153;37;48;2;204;155;38m▋[38;2;187;131;33;48;2;203;152;37m▕[38;2;182;125;30;48;2;207;155;39m▏[38;2;207;158;41;48;2;90;67;19m▋[38;2;23;17;8;48;2;20;14;8m▔[38;2;124;81;21;48;2;50;11;4m▂[38;2;110;48;13;48;2;196;137;38m▍[38;2;218;167;47;48;2;220;171;48m▏[38;2;223;174;50;48;2;222;173;50m▝[38;2;222;173;50;48;2;224;175;52m▅[38;2;226;177;53;48;2;224;174;51m▘[38;2;227;179;57;48;2;225;176;53m▝[38;2;228;180;58;48;2;228;179;57m▀[38;2;229;181;59;48;2;230;182;62m▋[38;2;231;184;65;48;2;234;187;69m▆[38;2;234;188;70;48;2;236;191;76m▖[38;2;238;194;80;48;2;239;196;83m▖[38;2;214;174;73;48;2;240;198;87m▁[38;2;214;176;81;48;2;89;70;37m▀[38;2;150;121;48;48;2;72;57;34m▔[38;2;173;139;56;48;2;247;211;118m▏[38;2;253;225;154;48;2;251;220;140m▝[38;2;253;224;153;48;2;253;226;157m▂[38;2;253;226;158;48;2;253;224;153m▀[38;2;252;221;143;48;2;246;208;110m▋[38;2;215;166;44;48;2;235;190;75m▝[0m[7m[38;2;144;108;23m▐[0m[38;2;14;11;2m                   [0m
 [38;2;0;0;0m                 [7m[38;2;63;44;6m▊[0m[38;2;88;62;6;48;2;96;67;7m▏[38;2;107;76;12;48;2;117;85;15m▍[38;2;135;98;17;48;2;127;92;14m▐[38;2;140;103;18;48;2;147;108;20m▍[38;2;159;118;24;48;2;152;112;23m▐[38;2;165;122;25;48;2;171;127;25m▍[38;2;175;132;28;48;2;180;136;31m▍[38;2;188;142;34;48;2;184;139;33m▐[38;2;191;144;34;48;2;193;146;35m▃[38;2;198;150;36;48;2;196;148;36m▐[38;2;204;155;38;48;2;202;152;35m▐[38;2;206;157;39;48;2;208;159;41m▊[38;2;208;159;39;48;2;210;160;41m▘[38;2;88;66;21;48;2;210;160;42m▝[38;2;209;160;42;48;2;81;60;18m▅[38;2;165;116;24;48;2;210;161;41m▕[38;2;138;78;17;48;2;75;8;2m▏[38;2;198;141;56;48;2;115;45;26m▝[38;2;183;117;40;48;2;221;171;49m▖[38;2;222;173;50;48;2;223;174;50m▍[38;2;222;172;49;48;2;224;174;51m▘[38;2;223;174;50;48;2;225;176;52m▃[38;2;228;179;57;48;2;225;176;53m▝[38;2;229;181;59;48;2;227;179;56m▝[38;2;230;183;63;48;2;228;180;57m▀[38;2;234;187;70;48;2;231;183;64m▀[38;2;176;140;52;48;2;229;185;71m▁[38;2;203;163;65;48;2;61;48;26m▘[38;2;51;40;27;48;2;55;43;29m▖[38;2;229;188;81;48;2;97;77;39m▗[38;2;243;202;97;48;2;247;209;111m▍[38;2;249;213;121;48;2;251;219;137m▖[38;2;252;223;149;48;2;253;224;152m▏[38;2;253;224;154;48;2;253;223;151m▋[38;2;252;222;145;48;2;251;218;133m▋[38;2;248;211;116;48;2;241;199;89m▍[38;2;101;74;12;48;2;210;164;49m▕[0m [38;2;47;34;7m                  [0m
 [38;2;0;0;0m                 [7m[38;2;91;65;10m▍[0m[38;2;101;71;9;48;2;105;74;11m▊[38;2;122;88;16;48;2;112;81;15m▐[38;2;129;93;15;48;2;135;99;17m▎[38;2;140;103;19;48;2;148;109;21m▍[38;2;160;119;25;48;2;153;114;26m▐[38;2;165;123;25;48;2;170;127;25m▋[38;2;174;131;28;48;2;178;134;30m▋[38;2;184;139;33;48;2;181;136;31m▐[38;2;188;141;33;48;2;191;144;34m▍[38;2;194;147;36;48;2;197;150;37m▍[38;2;200;152;38;48;2;201;152;37m▞[38;2;203;155;39;48;2;206;158;40m▍[38;2;210;161;44;48;2;208;159;41m▐[38;2;212;162;44;48;2;214;163;42m▊[38;2;215;163;45;48;2;214;163;43m▁[38;2;212;163;45;48;2;216;166;46m▔[38;2;95;30;6;48;2;202;151;40m▝[38;2;80;11;2;48;2;214;163;46m▀[38;2;180;113;31;48;2;220;170;48m▘[38;2;219;170;48;48;2;222;173;50m▆[38;2;221;172;49;48;2;223;174;50m▖[38;2;223;175;51m▎[38;2;224;175;51;48;2;224;174;50m▞[38;2;226;178;55;48;2;225;176;53m▕[38;2;228;180;58;48;2;227;178;55m▃[38;2;187;147;49;48;2;226;179;59m▕[38;2;184;146;51;48;2;49;38;20m▘[38;2;41;32;21;48;2;44;35;23m▖[38;2;190;153;61;48;2;57;44;25m▗[38;2;195;158;67;48;2;238;196;87m▏[38;2;243;202;96;48;2;245;207;106m▋[38;2;248;211;116;48;2;250;216;128m▋[38;2;251;219;138;48;2;253;224;151m▍[38;2;253;226;158;48;2;253;228;162m▍[38;2;252;223;150;48;2;253;227;160m▝[38;2;247;209;113;48;2;251;219;136m▐[38;2;239;195;83;48;2;223;175;54m▋[0m[38;2;159;119;24m▍                  [0m
 [38;2;0;0;0m                 [7m[38;2;100;72;14m▏[0m[38;2;108;77;14;48;2;106;75;12m▃[38;2;114;82;16;48;2;122;88;16m▍[38;2;127;92;18;48;2;134;97;17m▖[38;2;144;106;20;48;2;138;101;19m▐[38;2;145;108;22;48;2;152;112;24m▁[38;2;89;66;15;48;2;161;120;25m▁[38;2;19;11;5;48;2;170;127;27m▁[38;2;81;59;14;48;2;179;135;32m▁[38;2;184;139;33;48;2;189;142;33m▎[38;2;197;149;37;48;2;192;146;35m▐[38;2;201;154;40;48;2;198;151;38m▐[38;2;202;155;40;48;2;206;158;41m▊[38;2;208;160;42;48;2;209;161;44m▍[38;2;210;162;45;48;2;211;163;45m▀[38;2;211;163;45;48;2;214;164;45m▖[38;2;214;164;44;48;2;215;165;45m▏[38;2;218;168;48;48;2;216;166;46m▐[38;2;219;170;49;48;2;218;169;48m▁[38;2;219;169;48;48;2;217;167;46m▐[38;2;219;170;47;48;2;221;172;49m▖[38;2;222;172;50;48;2;222;173;50m▔[38;2;224;175;51;48;2;223;174;51m▕[38;2;224;176;52;48;2;224;174;50m▅[38;2;225;177;53;48;2;227;179;56m▊[38;2;226;177;55;48;2;228;179;57m▁[38;2;217;171;57;48;2;76;59;23m▘[38;2;34;26;16;48;2;37;28;18m▍[38;2;192;153;54;48;2;52;41;21m▗[38;2;179;143;54;48;2;228;184;71m▏[38;2;238;194;80;48;2;240;198;85m▍[38;2;243;202;95;48;2;245;206;105m▋[38;2;247;210;114;48;2;250;215;126m▋[38;2;251;219;137;48;2;252;223;148m▍[38;2;253;226;156;48;2;253;229;164m▎[38;2;253;229;164;48;2;253;225;157m▊[38;2;252;221;142;48;2;248;211;118m▋[38;2;241;200;91;48;2;231;184;65m▋[0m[7m[38;2;201;152;35m▐[0m[38;2;17;12;2m                  [0m
 [38;2;0;0;0m                 [7m[38;2;113;82;17m▏[0m[38;2;115;84;17;48;2;108;78;14m▍[38;2;111;81;15;48;2;117;85;16m▍[38;2;134;97;16;48;2;125;91;18m▐[38;2;123;90;18;48;2;138;101;20m▕[38;2;38;27;7;48;2;144;107;24m▀[38;2;140;104;24;48;2;7;4;3m▖[38;2;168;126;29;48;2;48;36;10m▗[38;2;175;132;32;48;2;80;59;15m▆[38;2;188;142;33;48;2;184;140;36m▝[38;2;195;148;37;48;2;191;144;35m▝[38;2;199;152;40;48;2;197;150;39m▐[38;2;205;157;43;48;2;200;153;40m▕[38;2;205;158;42;48;2;208;160;43m▋[38;2;210;162;45;48;2;211;163;45m▊[38;2;212;164;46;48;2;211;164;46m▂[38;2;214;165;46;48;2;213;165;46m▘[38;2;217;168;48;48;2;215;166;46m▐[48;2;219;170;49m▊[38;2;218;169;48;48;2;220;170;49m▁[38;2;221;172;50;48;2;221;172;49m▆[38;2;222;172;49;48;2;222;173;50m▁[38;2;224;176;52m▝[38;2;223;174;51;48;2;224;175;51m▞[38;2;226;177;54;48;2;225;176;52m▔[38;2;134;104;32;48;2;222;174;54m▕[38;2;101;78;24;48;2;37;27;15m▁[38;2;64;49;20;48;2;192;151;49m▀[38;2;200;159;56;48;2;230;183;64m▔[38;2;233;186;68;48;2;234;188;71m▋[38;2;240;197;85;48;2;237;192;77m▐[38;2;245;206;103;48;2;243;201;94m▐[38;2;247;210;113;48;2;249;214;125m▋[38;2;251;218;136;48;2;252;223;148m▍[38;2;253;226;158;48;2;253;229;164m▎[38;2;252;223;150;48;2;253;226;159m▗[38;2;251;219;137;48;2;247;210;115m▋[38;2;231;183;64;48;2;241;198;87m▐[0m[38;2;184;137;26m▋                  [0m
 [38;2;0;0;0m                 [7m[38;2;120;89;21m▎[0m[38;2;122;90;20;48;2;113;82;15m▍[38;2;113;82;15;48;2;118;85;16m▋[38;2;123;89;17;48;2;128;94;19m▍[38;2;141;104;23;48;2;136;99;19m▐[38;2;147;109;25;48;2;153;114;27m▋[38;2;143;106;26;48;2;30;21;7m▊[38;2;137;103;25;48;2;17;12;4m▝[38;2;159;120;31;48;2;173;130;32m▏[38;2;177;134;32;48;2;182;138;34m▖[38;2;191;144;35;48;2;186;142;37m▝[38;2;192;146;37;48;2;196;149;39m▋[38;2;201;154;41;48;2;198;152;40m▐[38;2;203;156;42;48;2;204;157;43m▅[38;2;209;161;44;48;2;206;159;43m▝[38;2;210;162;45;48;2;212;164;46m▅[38;2;212;164;46;48;2;213;165;46m▏[38;2;216;167;47;48;2;215;166;46m▝[38;2;217;167;47;48;2;218;169;48m▊[38;2;218;169;48;48;2;219;170;49m▞[38;2;219;170;49;48;2;220;171;49m▏[38;2;220;170;49;48;2;221;171;50m▁[38;2;223;173;51;48;2;222;172;50m▕[38;2;225;175;54;48;2;222;173;51m▕[38;2;224;175;54;48;2;224;175;52m▆[38;2;223;174;55;48;2;224;174;54m▕[38;2;202;157;51;48;2;225;176;54m▔[38;2;227;178;56;48;2;229;181;58m▋[38;2;232;184;65;48;2;229;181;60m▐[38;2;234;187;70;48;2;236;190;74m▋[38;2;239;196;83;48;2;238;193;79m▐[38;2;242;200;90;48;2;244;204;100m▍[38;2;246;208;110;48;2;250;215;126m▋[38;2;251;218;134;48;2;252;222;148m▍[38;2;253;225;154;48;2;253;227;160m▏[38;2;250;216;130;48;2;252;222;146m▗[38;2;248;212;119;48;2;243;202;97m▋[38;2;234;188;71;48;2;220;171;49m▋[0m[7m[38;2;178;133;25m▐[0m[38;2;7;5;1m                  [0m
 [38;2;0;0;0m                 [38;2;103;75;16m▐[38;2;123;90;20;48;2;117;86;19m▊[38;2;116;85;18;48;2;114;83;16m▃[38;2;121;88;16;48;2;125;92;19m▋[38;2;136;100;22;48;2;131;96;20m▐[38;2;139;103;23;48;2;145;108;25m▖[38;2;151;114;28;48;2;154;115;28m▔[38;2;127;95;24;48;2;17;11;5m▖[38;2;167;125;30;48;2;48;35;10m▝[38;2;165;125;30;48;2;175;132;31m▏[38;2;184;140;36;48;2;181;137;34m▝[38;2;185;141;36;48;2;189;144;37m▖[38;2;198;152;41;48;2;193;147;39m▝[38;2;198;151;41;48;2;201;154;43m▖[38;2;202;155;42;48;2;205;158;43m▃[38;2;206;159;43;48;2;208;161;44m▍[38;2;213;165;47;48;2;209;161;44m▝[38;2;210;163;45;48;2;213;165;47m▁[38;2;216;168;50;48;2;215;167;48m▗[38;2;215;167;49;48;2;217;168;48m▖[38;2;219;170;49;48;2;218;169;49m▔[48;2;220;171;51m▞[48;2;221;171;50m▖[38;2;224;174;53;48;2;222;173;51m▕[38;2;224;175;54;48;2;223;173;52m▀[38;2;222;173;50m▗[38;2;224;174;53;48;2;225;175;55m▎[38;2;227;178;56;48;2;229;180;59m▊[38;2;230;182;62;48;2;232;184;65m▊[38;2;236;191;75;48;2;234;186;69m▐[38;2;238;194;81;48;2;240;197;85m▋[38;2;242;201;94;48;2;245;206;105m▋[38;2;248;212;118;48;2;251;218;134m▊[38;2;252;221;144;48;2;252;223;148m▂[38;2;251;217;132m▗[38;2;246;207;107;48;2;249;214;125m▗[38;2;235;191;78;48;2;243;202;97m▐[38;2;220;171;51;48;2;194;145;28m▊[0m[38;2;130;95;17m▎                  [0m
 [38;2;0;0;0m                 [38;2;53;39;9m▕[38;2;79;58;13;48;2;115;84;19m▏[38;2;114;83;16;48;2;116;85;19m▃[38;2;116;85;20;48;2;121;89;20m▖[38;2;125;92;21;48;2;129;95;22m▖[38;2;139;103;23;48;2;135;99;22m▐[38;2;150;112;26;48;2;145;108;25m▐[38;2;101;76;19;48;2;148;110;27m▕[38;2;98;73;19;48;2;5;3;2m▖[38;2;160;121;30;48;2;30;21;7m▝[38;2;120;88;24;48;2;172;131;34m▁[38;2;184;140;36;48;2;181;137;34m▝[38;2;187;143;37;48;2;190;146;39m▋[38;2;193;146;39;48;2;196;149;40m▅[38;2;197;150;39;48;2;199;153;41m▃[38;2;202;155;43;48;2;204;157;43m▅[38;2;204;157;44;48;2;208;160;44m▃[38;2;210;162;45m▀[38;2;211;163;45;48;2;214;167;49m▅[38;2;213;165;47;48;2;214;166;48m▁[38;2;219;170;50;48;2;216;167;48m▘[48;2;217;168;48m▝[38;2;220;172;52;48;2;218;169;49m▝[38;2;218;169;49;48;2;220;171;52m▖[38;2;220;172;53;48;2;222;173;51m▆[38;2;223;174;53m▕[38;2;224;174;53;48;2;225;175;54m▍[38;2;224;177;57;48;2;227;180;60m▊[38;2;229;181;60;48;2;230;183;63m▍[38;2;232;184;66;48;2;235;188;72m▋[38;2;240;198;90;48;2;237;194;81m▐[38;2;243;202;98;48;2;245;207;107m▋[38;2;247;210;113;48;2;249;213;122m▍[38;2;251;218;135;48;2;248;212;120m▀[38;2;249;213;122;48;2;245;206;105m▀[38;2;233;190;79;48;2;242;201;96m▗[38;2;212;163;45;48;2;227;181;65m▗[0m[7m[38;2;175;130;26m▗[0m [38;2;3;2;0m                  [0m
 [38;2;0;0;0m                  [38;2;79;58;12m▐[38;2;111;81;16;48;2;108;79;16m▊[38;2;110;79;15;48;2;114;83;17m▅[38;2;123;91;21;48;2;117;85;18m▝[38;2;123;90;20;48;2;130;96;22m▖[38;2;133;99;22;48;2;140;104;24m▖[38;2;144;107;25;48;2;151;112;27m▖[38;2;107;80;20;48;2;152;114;29m▔[38;2;142;107;29;48;2;23;16;6m▖[38;2;86;65;17;48;2;12;9;4m▔[38;2;32;24;8;48;2;157;119;31m▃[38;2;149;113;31;48;2;181;138;35m▁[38;2;184;140;36;48;2;187;143;38m▖[38;2;195;148;38;48;2;190;145;38m▝[38;2;198;151;40;48;2;194;147;38m▀[38;2;202;155;43;48;2;198;151;39m▀[38;2;206;159;43;48;2;202;155;42m▀[38;2;204;156;42;48;2;207;160;44m▃[38;2;208;160;44;48;2;211;163;45m▆[38;2;208;161;44;48;2;212;165;47m▖[38;2;215;167;49;48;2;213;165;47m▀[38;2;213;166;48;48;2;216;167;47m▂[38;2;216;167;48;48;2;218;170;50m▍[38;2;219;171;52;48;2;218;169;49m▋[38;2;220;171;51;48;2;221;172;52m▖[38;2;221;172;53;48;2;223;174;54m▋[38;2;222;173;53;48;2;224;177;57m▅[38;2;223;176;57;48;2;227;179;59m▖[38;2;229;182;64;48;2;232;185;70m▋[38;2;235;192;83;48;2;234;190;76m▐[38;2;237;195;87;48;2;240;198;92m▍[38;2;246;208;109;48;2;243;202;98m▝[38;2;245;206;105;48;2;241;200;95m▀[38;2;230;187;76;48;2;238;196;90m▗[38;2;212;165;48;48;2;226;181;69m▗[38;2;136;100;18;48;2;195;148;36m▕[0m[38;2;105;76;11m▘                   [0m
 [38;2;0;0;0m                  [0m [7m[38;2;83;60;13m▖[0m[38;2;107;77;14;48;2;110;80;15m▂[38;2;114;83;17;48;2;109;79;15m▝[38;2;123;91;20;48;2;116;85;18m▝[38;2;122;89;18;48;2;129;95;22m▖[38;2;143;107;25;48;2;136;101;23m▝[38;2;154;115;28;48;2;146;109;26m▝[38;2;152;113;27;48;2;157;118;29m▁[38;2;27;20;6;48;2;141;106;27m▝[38;2;105;79;21;48;2;11;8;4m▂[38;2;4;4;2;48;2;75;57;16m▆[38;2;159;121;31;48;2;17;13;5m▀[38;2;58;44;12;48;2;180;137;36m▂[38;2;170;129;33;48;2;188;143;36m▁[38;2;194;147;38;48;2;190;143;35m▀[38;2;198;151;39;48;2;192;145;36m▀[38;2;196;149;38;48;2;201;154;40m▅[38;2;204;157;43;48;2;199;151;40m▀[38;2;203;156;43;48;2;207;160;44m▅[38;2;210;162;45;48;2;204;157;43m▀[38;2;208;160;44;48;2;211;163;46m▃[38;2;214;166;48;48;2;210;163;45m▀[38;2;212;164;46;48;2;215;167;49m▃[38;2;28;21;9;48;2;190;148;44m▗[38;2;126;97;30;48;2;218;170;52m▖[38;2;218;170;51;48;2;221;172;53m▖[38;2;224;178;60;48;2;222;174;56m▕[38;2;225;180;63;48;2;227;182;68m▍[38;2;232;188;77;48;2;228;183;71m▝[38;2;236;194;87;48;2;232;189;79m▝[38;2;233;190;81;48;2;238;196;90m▃[38;2;235;193;85;48;2;228;184;73m▀[38;2;210;164;52;48;2;222;178;66m▗[38;2;165;123;27;48;2;198;152;41m▕[0m[38;2;164;122;25m▘                    [0m
 [38;2;0;0;0m                   [0m [7m[38;2;73;53;10m▖[0m[38;2;99;71;13;48;2;106;76;15m▁[38;2;112;81;16;48;2;107;77;15m▝[38;2;113;82;16;48;2;119;87;19m▖[38;2;133;99;23;48;2;126;93;21m▝[38;2;134;99;22;48;2;140;104;24m▃[38;2;145;108;25;48;2;151;113;27m▆[38;2;153;114;27;48;2;156;117;29m▅[38;2;157;117;31;48;2;160;120;30m▔[38;2;156;117;31;48;2;45;33;9m▆[38;2;161;122;32;48;2;23;18;6m▃[38;2;144;111;31;48;2;13;10;4m▁[38;2;110;83;22;48;2;8;6;3m▔[38;2;5;4;2;48;2;150;114;31m▅[38;2;175;132;32;48;2;12;9;3m▀[38;2;17;12;4;48;2;182;137;33m▃[38;2;8;5;3;48;2;184;139;34m▂[38;2;33;23;5;48;2;194;147;38m▂[38;2;43;31;7;48;2;199;151;40m▂[38;2;26;16;5;48;2;198;152;42m▂[38;2;42;31;10;48;2;204;157;43m▃[38;2;204;158;43;48;2;39;27;10m▀[38;2;176;136;38;48;2;68;50;16m▘[38;2;143;109;33;48;2;36;27;11m▝[38;2;184;143;43;48;2;212;165;50m▏[38;2;218;171;55;48;2;214;167;52m▀[38;2;221;175;62;48;2;216;170;57m▀[38;2;219;174;62;48;2;224;179;67m▅[38;2;221;176;65;48;2;226;182;70m▃[38;2;226;182;71;48;2;218;173;62m▀[38;2;218;174;62;48;2;207;162;50m▀[38;2;133;99;21;48;2;192;147;40m▁[0m[38;2;161;120;26m▘                     [0m
 [38;2;0;0;0m                     [38;2;91;66;14m▝[38;2;65;47;9;48;2;102;73;14m▂[38;2;113;82;17;48;2;106;77;15m▝[38;2;112;82;17;48;2;119;88;19m▃[38;2;121;90;20;48;2;128;95;21m▖[38;2;132;98;22;48;2;139;103;23m▅[38;2;140;104;23;48;2;148;110;26m▅[38;2;155;116;29m▀[38;2;161;121;31;48;2;155;116;28m▀[38;2;167;126;33;48;2;161;121;31m▀[38;2;173;132;37;48;2;167;126;33m▀[38;2;78;59;18;48;2;171;130;35m▔[38;2;170;130;36;48;2;19;14;5m▆[38;2;172;131;36;48;2;10;8;3m▅[38;2;17;13;4;48;2;178;136;37m▀[38;2;5;4;2;48;2;174;133;35m▀[38;2;7;5;2;48;2;175;133;34m▀[38;2;21;14;4;48;2;185;142;38m▀[38;2;184;142;40;48;2;17;11;4m▅[38;2;189;145;41;48;2;29;20;8m▆[38;2;93;70;22;48;2;196;150;42m▔[38;2;198;153;44;48;2;202;155;44m▂[38;2;74;55;19;48;2;192;147;41m▝[38;2;131;100;30;48;2;200;155;45m▏[38;2;209;163;51;48;2;203;157;46m▀[38;2;212;166;54;48;2;206;160;49m▀[38;2;214;169;58;48;2;207;162;51m▀[38;2;214;170;59;48;2;205;158;47m▀[38;2;187;143;37;48;2;204;158;48m▂[0m[7m[38;2;177;134;33m▗[0m[38;2;104;77;16m▘                      [0m
 [38;2;0;0;0m                      [0m [38;2;89;64;12m▀[38;2;64;46;8;48;2;104;75;15m▁[38;2;109;79;16;48;2;117;86;19m▅[38;2;126;93;21;48;2;116;85;19m▀[38;2;125;92;21;48;2;133;98;23m▖[38;2;142;105;24;48;2;136;101;23m▝[38;2;141;104;24;48;2;148;110;26m▅[38;2;144;107;25;48;2;153;114;27m▃[38;2;161;121;31m▀[38;2;158;119;29;48;2;165;125;32m▃[38;2;165;124;32;48;2;169;128;33m▃[38;2;169;128;33;48;2;174;132;36m▃[38;2;172;130;35;48;2;177;134;37m▃[38;2;177;134;37;48;2;182;138;36m▃[38;2;179;136;37;48;2;183;140;37m▃[38;2;180;137;36;48;2;185;142;37m▃[38;2;189;146;39;48;2;183;140;37m▀[38;2;192;148;41m▀[48;2;184;141;37m▀[38;2;193;148;41;48;2;185;141;37m▀[38;2;192;148;41;48;2;185;142;37m▀[38;2;193;148;41m▀[38;2;188;145;38;48;2;196;150;42m▅[48;2;197;151;43m▃[38;2;180;137;35;48;2;196;151;42m▂[38;2;89;66;12;48;2;182;138;35m▂[0m[7m[38;2;144;107;23m▅[0m [38;2;17;12;2m                       [0m
 [38;2;0;0;0m                        [0m [38;2;81;58;11m▀[7m[38;2;101;73;15m▂[0m[38;2;101;74;15;48;2;112;82;17m▂[38;2;127;94;22m▀[38;2;120;88;20;48;2;134;99;23m▃[38;2;129;96;23;48;2;138;102;24m▂[38;2;144;107;25;48;2;139;103;24m▀[38;2;143;106;24;48;2;151;113;27m▅[38;2;157;117;29;48;2;147;109;26m▀[38;2;151;113;27;48;2;161;121;31m▃[38;2;158;118;29;48;2;166;125;33m▃[38;2;171;130;35;48;2;164;123;32m▀[38;2;173;131;35;48;2;165;124;33m▀[38;2;164;123;31;48;2;173;131;35m▃[38;2;175;132;36;48;2;165;124;31m▀[38;2;167;126;32;48;2;176;133;34m▅[38;2;176;133;35;48;2;166;125;31m▀[38;2;178;135;36;48;2;169;128;33m▀[38;2;172;130;35;48;2;179;136;37m▅[38;2;170;128;34;48;2;178;135;36m▂[38;2;124;91;17;48;2;175;132;32m▁[0m[7m[38;2;155;116;27m▂[38;2;131;97;19m▅[0m [38;2;25;19;5m                         [0m
 [38;2;0;0;0m                          [0m [7m[38;2;50;36;6m▆[38;2;96;69;12m▅[38;2;102;74;13m▃[38;2;104;75;14m▁[0m[38;2;89;63;8;48;2;121;89;19m▂[38;2;110;80;15;48;2;131;97;22m▃[38;2;120;88;19;48;2;138;102;23m▃[38;2;128;94;21;48;2;142;106;24m▃[38;2;132;97;22;48;2;145;108;25m▂[38;2;141;105;24;48;2;154;115;28m▅[38;2;156;116;28;48;2;141;105;23m▀[38;2;156;117;28;48;2;140;104;23m▀[38;2;155;115;27;48;2;136;100;18m▀[38;2;127;91;15;48;2;154;115;26m▃[38;2;74;52;7;48;2;146;107;22m▁[0m[7m[38;2;146;108;24m▂[38;2;134;99;21m▃[38;2;123;90;17m▅[0m[38;2;64;46;8m▔                            [0m
 [38;2;0;0;0m                               [0m [7m[38;2;56;39;5m▆[38;2;89;63;8m▆[38;2;86;61;9m▅[38;2;97;69;11m▅[38;2;100;71;12m▅[38;2;96;68;11m▅[38;2;84;60;9m▅[38;2;89;63;9m▆[0m[38;2;81;57;8m▔[0m [38;2;13;8;1m                                [0m
 [38;2;0;0;0m                                                                          [0m
 [38;2;0;0;0m                                                                          [0m
[?25h